Range,randoms_P(x),randoms_F(x),randoms2_P(x),randoms2_F(x), 
0 - 0.1,0.106,0.106,0.098,0.098
0.1 - 0.2,0.11,0.216,0.093,0.191
0.2 - 0.3,0.079,0.295,0.127,0.318
0.3 - 0.4,0.099,0.394,0.099,0.417
0.4 - 0.5,0.088,0.482,0.099,0.516
0.5 - 0.6,0.098,0.58,0.094,0.61
0.6 - 0.7,0.125,0.705,0.097,0.707
0.7 - 0.8,0.107,0.812,0.092,0.799
0.8 - 0.9,0.097,0.909,0.114,0.913
0.9 - 1,0.091,1,0.087,1
